image_00000 203 247 223 268
image_00001 204 247 224 269
image_00002 203 246 225 269
image_00003 204 244 225 270
image_00004 205 243 225 270
image_00005 203 240 227 270
image_00006 204 240 229 271
image_00007 202 239 229 272
image_00008 199 237 229 271
image_00009 201 237 232 272
image_00010 202 237 232 273
image_00011 200 237 232 273
image_00012 197 235 231 274
image_00013 196 237 232 275
image_00014 195 235 233 276
image_00015 196 233 232 276
image_00016 196 219 244 275
image_00017 194 222 246 276
image_00018 193 224 251 278
image_00019 190 224 251 277
image_00020 192 226 250 278
image_00021 191 224 250 277
image_00022 190 225 253 279
image_00023 188 224 253 277
image_00024 188 224 252 281
image_00025 189 223 251 279
image_00026 193 225 253 280
image_00027 210 226 255 280
image_00028 209 224 254 280
image_00029 210 224 256 281
image_00030 212 225 256 282
image_00031 215 224 256 281
image_00032 215 224 258 284
image_00033 214 217 258 284
image_00034 217 210 260 284
image_00035 218 210 264 285
image_00036 216 207 265 286
image_00037 219 211 266 286
image_00038 218 209 271 287
image_00039 216 211 268 286
image_00040 214 209 271 288
image_00041 214 211 268 286
image_00042 212 212 271 287
image_00043 212 213 268 288
image_00044 209 210 269 287
image_00045 206 215 273 286
image_00046 224 216 271 255
image_00047 226 214 269 255
image_00048 229 214 269 256
image_00049 226 214 269 253
image_00050 228 214 267 250
image_00051 229 215 267 250
image_00052 231 213 265 249
image_00053 229 215 265 247
image_00054 239 218 264 245
image_00055 237 216 265 245
image_00056 233 214 268 245
image_00057 238 216 261 241
image_00058 241 219 261 241
image_00059 238 217 265 242
image_00060 241 218 264 241
image_00061 238 216 262 242
image_00062 240 218 261 239
image_00063 238 217 261 240
